        2874
        2875
        2926
        2927
        2928
        2929
        2932
        2933
        2935
        2991
        2992
        2993
        2999
        3000
        3001
        3002
        3003
        3004
        3005
        3007
        3008
        3009
        3059
        3060
        3061
        3062
        3063
        3064
        3072
        3073
        3074
        3075
        3076
        3077
        3079
        3129
        3130
        3131
        3132
        3133
        3134
        3135
        3136
        3144
        3145
        3146
        3147
        3148
        3149
        3151
        3205
        3206
        3207
        3208
        3209
        3210
        3211
        3212
        3222
        3223
        3224
        3225
        3226
        3281
        3282
        3283
        3284
        3285
        3286
        3287
        3360
        3361
        3362
        3363
        3364
        3365
        3438
        3439
        5053
        5054
        5156
        5157
        5158
        5159
        5160
        5162
        5163
        5164
        5165
        5260
        5261
        5262
        5263
        5264
        5265
        5266
        5267
        5268
        5269
        5270
        5271
        5360
        5361
        5362
        5363
        5364
        5365
        5366
        5367
        5368
        5369
        5370
        5371
        5465
        5466
        5467
        5468
        5469
        5470
        5471
        5472
        5473
        5506
        5569
        5570
        5571
        5572
        5573
        5574
        5575
        5576
        5674
        5675
        5676
        5677
        5678
        5679
        5680
        5681
        5702
        5703
        5784
        5785
        5786
        5787
        5788
        5789
        5790
        5809
        5810
        5811
        5812
        5813
        5900
        5922
        5923
        5924
        5925
        5926
        6037
        6038
        6039
        6040
        6041
        6042
        6151
        6152
        6153
        6154
        6155
        6265
        6266
        6267
        6268
        6269
        6270
        6381
        6382
        6383
        6384
        6385
        6695
        6807
        6808
        6919
        6920
        6921
        7029
        7030
        7031
        7032
        7145
        7146
        7147
        7148
        7170
        7171
        7172
        7173
        7261
        7262
        7263
        7286
        7287
        7288
        7290
        7292
        7293
        7294
        7295
        7376
        7377
        7401
        7402
        7403
        7404
        7405
        7406
        7407
        7408
        7409
        7410
        7519
        7520
        7521
        7522
        7523
        7524
        7525
        7526
        7527
        7645
        7646
        9640
        9641
        9642
        9643
        9644
        9776
        9783
        9784
        9785
        9786
        9787
        9900
        9917
        9918
        9924
        9925
        9926
        9927
        9928
       10039
       10040
       10057
       10058
       10064
       10065
       10066
       10067
       10068
       10182
       10183
       10200
       10201
       10207
       10208
       10209
       10210
       10211
       10324
       10325
       10342
       10343
       10344
       10349
       10350
       10351
       10352
       10353
       10466
       10467
       10468
       10485
       10486
       10608
       10609
       10610
       10627
       10628
       10751
       10752
       10753
       10771
       10772
       10897
       10898
       10899
       10900
       10917
       10918
       11029
       11030
       11031
       11032
       11049
       11050
       11051
       11152
       11153
       11154
       11171
       11172
       11173
       11270
       11276
       11277
       11278
       11294
       11295
       11296
       11377
       11389
       11390
       11413
       11414
       11415
       11495
       11496
       11497
       11498
       11499
       11509
       11510
       11512
       11513
       11533
       11534
       11535
       11611
       11612
       11613
       11614
       11615
       11625
       11626
       11627
       11628
       11629
       11630
       11631
       11649
       11650
       11651
       11724
       11725
       11726
       11727
       11728
       11739
       11740
       11741
       11742
       11743
       11744
       11745
       11835
       11836
       11837
       11838
       11839
       11840
       11851
       11852
       11853
       11854
       11855
       11856
       11857
       11942
       11943
       11944
       11945
       11946
       11947
       11948
       11958
       11959
       11960
       11961
       11962
       11963
       11964
       12050
       12051
       12052
       12053
       12054
       12055
       12056
       12066
       12067
       12068
       12070
       12071
       12072
       12160
       12161
       12162
       12163
       12164
       12165
       12179
       12180
       12181
       12267
       12268
       12269
       12270
       12271
       12272
       12287
       12288
       12289
       12372
       12373
       12374
       12375
       12376
       12377
       12392
       12393
       12394
       12481
       12482
       12483
       12484
       12485
       12502
       12503
       12589
       12590
       12591
       12592
       12593
       12594
       12610
       12611
       12612
       12701
       12702
       12703
       12704
       12705
       12706
       12723
       12724
       12753
       12754
       12755
       12778
       12819
       12820
       12821
       12822
       12870
       12871
       12872
       12873
       12897
       12936
       12937
       12938
       12939
       12988
       12989
       12990
       12991
       13056
       13057
       13058
       13059
       13107
       13108
       13109
       13138
       13175
       13176
       13225
       13226
       13227
       13347
       13378
       13690
       13691
       13692
       13803
       13804
       13805
       13908
       13909
       13910
       13911
       14005
       14006
       14007
       14008
       14097
       14098
       14099
       14100
       14103
       14104
       14105
       14190
       14191
       14192
       14193
       14194
       14194
       14195
       14196
       14197
       14198
       14295
       14296
       14297
       14298
       14298
       14299
       14299
       14300
       14301
       14302
       14303
       14304
       14305
       14401
       14402
       14403
       14403
       14404
       14404
       14405
       14406
       14407
       14408
       14409
       14410
       14411
       14515
       14516
       14517
       14518
       14519
       14520
       14521
       14522
       14523
       14626
       14627
       14628
       14629
       14630
       14631
       14730
       14731
       14732
       14733
       14742
       14743
       14744
       14745
       14845
       14846
       14847
       14856
       14857
       14858
       14859
       14961
       14962
       14963
       14972
       14973
       15082
       15083
       15084
       15198
       15199
       15200
       15309
       15310
       16441
       16574
       16575
       16711
       16712
       16713
       16714
       16865
       16866
       16867
       16868
       16869
       17023
       17024
       17025
       17026
       18283
       18284
       18285
       18473
       18474
       18475
       18668
       18669
       18670
       18671
       18867
       18868
       18869
       19072
       19073
       20689
       20690
       20691
       20946
       20947
       20948
       20949
       21216
       21217
       21218
       21219
       21220
       21221
       21495
       21496
       21497
       21498
       21499
       21500
       21770
       21771
       21772
       21773
       22041
       22042